566,38
1006,38
479,29
1098,33
1128,38
232,2
681,38
103,40
753,22
222,12
1143,20
411,20
39,32
588,2
259,31
769,42
412,38
1077,38
1104,38
860,20
203,21
150,37
99,30
1002,38
127,40
350,3
192,30
40,23
662,38
858,20
176,40
657,20
601,28
353,34
1203,20
1190,20
484,38
959,20
333,34
728,29
553,38
1122,20
622,28
469,38
159,26
784,12
599,28
370,39
142,2
396,21
72,36
355,41
1250,38
644,12
534,38
491,38
1016,38
1043,38
376,39
1155,20
1186,38
874,20
1012,38
7,32
747,22
692,38
854,20
897,20
1057,38
130,7
251,31
9,6
296,25
546,20
1212,38
96,15
578,41
276,25
338,41
454,20
1222,20
1089,38
481,20
583,40
550,28
291,39
1199,20
385,19
971,38
562,28
929,20
655,38
191,26
438,20
930,20
102,32
364,12
440,20
2,32
1040,20
84,43
616,28
731,29
814,38
1086,38
664,38
910,20
1246,38
839,38
516,20
526,20
14,7
791,38
373,1
100,35
197,32
66,35
893,20
965,20
8,2
340,11
292,41
536,38
133,2
1176,38
1091,38
559,38
808,38
91,6
1134,38
878,20
436,20
152,32
1217,20
503,20
403,21
867,20
1007,38
882,20
923,20
902,20
111,15
310,11
1148,20
379,1
54,27
202,32
1227,38
1060,38
264,39
957,20
300,20
886,20
337,1
1123,38
677,38
21,32
1036,20
981,20
1048,38
828,38
694,38
263,41
147,23
216,26
207,37
132,35
863,20
78,23
81,37
675,38
107,6
772,42
236,1
609,38
876,20
1257,38
1033,20
346,1
1215,12
165,37
1183,38
508,20
592,28
891,20
539,20
718,20
398,21
1172,20
134,27
935,20
365,39
245,4
614,28
995,38
968,38
921,38
114,26
167,32
630,20
641,12
289,34
943,20
199,32
1150,20
382,31
378,1
737,29
695,38
1088,38
511,20
836,38
720,29
812,38
1113,20
999,38
540,20
219,6
746,22
1234,20
448,38
369,34
10,32
161,2
517,20
394,18
104,2
688,38
409,21
266,11
270,39
606,28
865,20
1120,20
1208,20
707,38
529,12
246,5
427,38
149,40
759,12
623,28
151,21
157,32
500,20
561,38
771,38
1238,2
478,12
551,38
631,38
1004,38
317,43
37,32
1110,38
477,19
205,15
415,6
905,20
252,31
320,19
1020,38
413,20
475,20
1065,38
405,21
52,27
1111,20
1090,38
613,1
256,19
505,12
240,1
46,23
286,14
537,20
846,38
1000,38
760,12
827,38
1018,38
1058,38
925,20
330,41
30,13
1152,20
982,20
1228,38
672,38
215,13
1031,20
750,22
1146,20
766,42
455,38
184,6
187,37
309,1
449,20
1209,38
1195,20
200,10
637,38
977,38
339,11
302,11
941,20
774,42
1132,38
556,38
853,38
445,38
1233,20
1025,20
830,38
47,23
726,29
749,22
568,28
956,20
238,1
527,38
519,20
498,38
683,38
1229,2
12,7
700,38
384,19
801,38
351,1
963,20
756,22
783,12
799,38
861,20
182,10
888,20
684,38
268,41
1109,20
1064,38
218,40
884,20
410,20
1107,38
793,38
38,32
392,34
1076,38
1003,38
1005,20
648,16
262,11
625,28
45,23
442,20
667,38
1245,12
587,30
125,32
34,32
228,2
822,38
1046,38
563,38
487,38
842,38
704,38
1202,20
71,36
1191,20
459,38
196,26
990,38
1019,38
1156,20
636,20
711,16
472,38
973,38
217,13
496,38
431,38
697,38
1052,38
345,19
312,18
909,20
1024,42
577,43
387,25
86,32
1082,38
770,42
419,17
512,20
178,27
610,28
543,20
1093,38
325,34
383,39
555,28
435,20
658,38
1030,38
274,39
594,28
185,32
280,41
788,38
1182,12
993,38
26,10
538,28
212,32
544,20
42,26
669,38
617,28
210,38
834,38
722,29
1193,20
59,30
732,29
752,38
978,38
819,38
221,32
6,2
962,20
1131,38
975,38
523,20
907,20
797,38
805,38
343,11
918,42
569,38
954,20
947,20
1069,38
629,20
635,38
1071,38
1237,20
301,1
564,28
670,38
1167,20
924,20
401,21
988,38
1147,20
425,38
381,39
418,38
938,20
461,38
557,28
227,26
372,18
1102,38
840,38
334,11
997,38
1014,38
825,38
1163,38
1126,38
16,8
297,3
143,26
465,20
180,6
148,23
5,37
88,40
18,37
920,38
1055,38
708,38
429,38
580,9
181,43
1106,38
1164,12
109,15
1136,38
773,42
1225,38
414,21
972,38
598,38
108,11
744,33
1034,20
627,20
380,39
1010,38
1254,38
1214,38
1173,38
813,36
395,21
146,15
1138,20
778,42
94,10
743,20
173,30
3,32
764,42
25,10
932,20
969,38
62,32
68,35
651,38
730,29
92,40
831,38
725,29
1118,20
271,34
915,20
946,20
239,1
1041,20
1085,38
480,38
332,11
817,38
740,29
660,38
22,37
1124,38
1219,38
423,20
922,38
1096,26
803,38
952,20
1231,20
447,38
267,11
702,38
1263,20
1009,38
189,32
55,27
501,20
60,37
408,21
926,20
647,16
632,38
404,21
607,28
795,38
717,20
1066,38
767,42
780,42
843,38
50,27
374,18
77,43
820,38
456,38
155,6
43,23
451,20
532,20
234,26
653,38
120,2
847,38
1044,38
763,12
643,20
1149,11
1032,20
98,23
15,8
318,25
193,26
673,38
225,30
1137,42
775,42
11,7
249,5
420,38
1211,20
224,32
1259,38
1188,38
1145,20
986,38
742,20
1097,42
985,20
1168,20
1073,38
121,35
937,20
1248,38
226,2
64,35
1261,20
1080,38
895,20
288,39
786,33
735,29
1022,42
833,38
279,39
304,26
944,20
514,38
305,39
371,34
1027,33
282,41
810,38
899,20
949,20
686,38
856,20
912,20
1265,20
518,20
1192,38
548,12
572,43
872,20
807,38
112,15
269,41
866,20
901,20
1079,38
486,38
428,38
247,5
497,29
687,38
467,38
235,25
520,38
231,27
881,20
510,38
790,38
1108,20
1008,38
751,22
1026,20
324,41
796,38
715,20
668,38
703,38
712,42
624,28
362,18
1061,38
958,20
97,30
560,38
1205,20
530,20
1196,20
1049,38
441,20
190,30
919,43
242,39
765,42
13,7
273,41
714,16
507,20
824,38
1087,38
1180,20
87,40
57,30
1059,38
1174,38
126,26
272,34
916,30
1153,20
615,28
237,1
608,38
709,38
311,34
67,35
1210,38
678,38
650,16
1184,38
424,38
315,18
942,20
229,26
326,4
1249,38
257,19
166,23
328,11
917,20
642,12
432,20
20,9
992,38
241,1
597,28
1021,42
284,14
619,28
144,35
75,30
727,29
174,35
306,19
994,38
73,2
541,20
936,20
837,38
93,2
90,40
1198,20
802,38
278,41
904,20
1078,38
1181,20
35,30
682,38
591,28
366,11
1171,20
970,38
116,30
290,31
628,20
1230,20
308,1
955,20
1029,20
1244,20
468,38
1142,20
640,17
220,27
439,20
400,21
571,28
845,38
983,20
1001,38
243,3
729,29
1121,20
998,38
1017,38
1258,38
1084,38
1206,16
313,26
307,26
1129,38
782,42
397,21
826,38
967,38
24,2
1,6
691,38
509,38
83,6
754,22
586,17
1162,20
115,26
671,38
849,38
1185,38
1175,38
172,15
194,8
101,6
1050,38
1133,38
693,38
1220,38
745,33
779,42
437,20
341,11
354,18
870,20
639,12
558,38
1038,38
1251,38
390,4
654,38
1119,20
186,26
360,26
213,32
331,41
474,38
612,28
69,35
285,14
63,32
738,29
549,28
494,38
665,38
757,22
483,38
367,18
800,38
818,38
253,11
838,38
1103,38
792,38
887,20
250,5
434,42
357,26
701,38
953,20
1232,20
1170,20
857,20
321,11
1068,38
809,38
621,28
1100,42
177,6
169,32
140,35
567,38
600,28
552,38
506,20
1063,38
966,20
1070,38
1236,2
31,32
761,12
903,20
359,31
706,38
453,38
1047,38
265,11
452,20
626,28
23,6
53,27
605,28
335,3
656,38
504,20
1204,20
141,2
358,18
492,38
198,26
713,12
233,2
829,38
110,15
1056,38
406,21
864,20
522,38
135,27
1140,20
928,20
690,38
989,38
1127,38
1239,2
118,2
1161,38
576,39
758,12
868,20
283,39
1216,20
223,32
590,34
322,41
1037,20
883,20
980,20
1256,38
323,11
879,20
1095,38
513,20
244,4
890,20
911,20
1072,38
1247,38
934,20
65,35
1159,38
574,41
736,29
277,25
444,20
1099,33
851,38
138,2
535,38
528,12
58,6
162,2
815,38
689,38
1154,20
1114,20
113,35
499,38
230,2
139,23
875,20
634,12
950,20
79,6
462,38
417,38
1264,20
489,38
463,20
939,20
804,38
44,43
106,35
195,32
525,38
95,27
1101,38
961,20
1160,20
1105,38
1260,20
421,38
1144,20
368,19
906,20
422,20
1125,38
32,32
855,20
1197,20
314,34
979,38
1062,38
762,12
361,18
1200,20
124,35
416,20
844,38
661,38
1013,38
646,16
407,21
859,20
821,38
927,20
502,20
211,6
533,20
349,18
1054,38
652,38
1253,38
638,20
490,38
342,11
1252,20
399,21
209,30
596,28
996,38
848,38
1112,12
699,38
4,32
1117,20
183,32
679,38
898,20
36,30
1042,20
377,39
1165,12
164,6
960,19
1158,20
545,20
457,38
80,32
329,11
945,20
56,30
1187,38
515,20
1074,38
785,33
565,28
1179,20
776,42
524,20
976,38
470,38
1240,21
777,42
388,11
589,40
433,42
633,38
129,21
734,29
611,28
832,38
724,29
573,43
991,38
739,29
542,20
188,26
521,20
933,20
663,38
281,41
260,19
28,32
768,42
794,38
585,11
595,38
871,20
787,33
964,20
204,7
710,16
316,43
375,39
1094,38
117,30
894,20
275,25
1243,37
299,26
163,2
1262,20
327,31
168,30
885,20
1067,38
1039,42
1169,20
303,41
581,1
51,27
1224,38
154,35
1035,20
158,40
293,1
1255,38
823,38
488,38
1045,38
391,11
1081,38
131,6
70,36
696,38
676,38
604,37
258,25
363,18
862,20
352,1
781,42
201,42
160,40
1141,20
248,5
889,20
123,10
386,34
698,38
85,32
593,28
873,20
1221,20
1053,38
984,20
896,20
940,20
674,38
1023,42
1218,20
892,20
1223,38
1177,20
19,9
719,38
344,11
974,38
1178,38
987,38
208,32
584,40
913,20
450,20
136,35
1083,38
811,38
27,10
29,13
49,27
471,38
547,20
1157,20
295,31
347,26
495,38
852,38
393,34
464,20
1116,24
254,11
128,40
723,29
175,32
261,11
76,6
1235,38
1201,20
482,38
1028,33
755,22
48,23
620,28
685,38
649,16
105,10
948,20
806,38
170,6
214,37
1241,20
171,37
531,20
460,38
402,21
287,19
741,20
877,20
1130,38
900,20
798,38
666,38
476,37
255,19
348,26
356,26
602,28
659,38
908,20
430,38
705,38
645,20
41,23
336,26
841,38
716,20
473,38
1015,38
206,15
89,40
485,20
1011,38
1051,38
554,28
880,20
466,20
1166,20
145,10
17,8
82,37
1226,38
298,1
122,26
426,38
458,38
179,43
156,32
389,11
1213,38
869,20
1194,20
618,28
153,2
914,20
570,38
579,30
603,38
1242,38
582,34
1075,38
33,6
789,38
1135,38
294,31
443,20
119,30
1092,38
61,32
951,20
1207,20
1115,20
733,29
137,2
1151,20
850,38
493,38
446,38
319,11
835,38
748,22
575,35
721,29
74,6
931,20
816,38
1189,38
680,38
1139,20